date,var0,1,2,3,4,5,6,7,8,9,10,11,12,13,14,15,16,17,18,19,20
1/1,4.17 ,6.47 ,0.16 ,0.74 ,3.62 ,9.61 ,7.82 ,4.27 ,7.26 ,5.20 ,5.52 ,3.51 ,2.86 ,2.60 ,2.68 ,4.79 ,9.11 ,5.43 ,7.55 ,3.51 ,3.12 
1/2,5.90 ,6.62 ,5.33 ,1.26 ,4.12 ,5.68 ,1.36 ,3.91 ,6.03 ,5.66 ,7.69 ,3.10 ,4.04 ,5.37 ,4.80 ,3.93 ,0.90 ,4.92 ,11.35 ,7.71 ,0.31 
1/3,5.34 ,19.45 ,1.16 ,1.41 ,4.40 ,10.65 ,0.89 ,2.64 ,7.25 ,0.13 ,4.59 ,0.36 ,3.22 ,7.33 ,8.05 ,3.21 ,7.58 ,0.76 ,2.26 ,7.83 ,1.51 
1/4,3.74 ,11.23 ,2.86 ,0.29 ,4.70 ,10.84 ,2.43 ,2.54 ,12.49 ,1.03 ,2.33 ,0.56 ,2.00 ,1.98 ,0.16 ,6.47 ,2.78 ,2.63 ,11.86 ,10.36 ,6.72 
1/5,0.25 ,19.02 ,5.98 ,4.76 ,2.48 ,5.65 ,5.49 ,0.14 ,4.19 ,0.27 ,2.02 ,0.81 ,8.43 ,6.08 ,3.82 ,4.69 ,8.53 ,3.35 ,5.44 ,8.46 ,0.15 
1/6,7.03 ,1.47 ,7.29 ,4.47 ,3.81 ,3.82 ,10.60 ,1.17 ,10.26 ,3.89 ,0.63 ,4.85 ,1.27 ,3.28 ,4.80 ,14.24 ,4.68 ,0.84 ,2.12 ,2.99 ,6.46 
1/7,0.88 ,9.21 ,7.67 ,1.07 ,4.97 ,13.47 ,7.01 ,2.02 ,7.45 ,0.08 ,3.55 ,2.49 ,0.83 ,8.00 ,9.40 ,11.81 ,0.27 ,2.99 ,2.30 ,2.99 ,1.56 
1/8,3.15 ,11.92 ,13.74 ,3.54 ,6.14 ,2.15 ,8.88 ,3.92 ,0.34 ,0.84 ,2.48 ,2.75 ,6.92 ,2.70 ,4.91 ,2.68 ,8.65 ,0.14 ,5.68 ,5.88 ,2.60 
1/9,4.76 ,5.85 ,2.89 ,7.92 ,1.81 ,4.41 ,2.22 ,11.92 ,5.07 ,6.95 ,10.40 ,2.00 ,9.11 ,2.57 ,2.71 ,5.85 ,5.63 ,3.14 ,3.39 ,1.16 ,0.24 
1/10,5.47 ,8.80 ,3.29 ,3.28 ,6.19 ,13.22 ,4.39 ,3.28 ,8.74 ,1.29 ,4.52 ,1.00 ,2.72 ,6.45 ,0.60 ,5.81 ,0.57 ,3.11 ,10.67 ,5.99 ,0.62 
1/11,0.73 ,1.55 ,6.56 ,3.22 ,3.31 ,0.60 ,3.52 ,0.06 ,14.99 ,4.15 ,5.31 ,0.68 ,4.98 ,6.96 ,8.41 ,4.49 ,1.93 ,0.04 ,9.98 ,10.58 ,7.95 
1/12,7.47 ,1.63 ,7.12 ,9.33 ,2.02 ,7.17 ,0.48 ,2.84 ,11.21 ,5.71 ,3.33 ,0.96 ,6.63 ,4.31 ,3.60 ,2.95 ,6.29 ,3.85 ,4.30 ,7.46 ,1.33 
1/13,2.69 ,12.41 ,13.16 ,3.96 ,5.59 ,1.63 ,8.36 ,3.06 ,0.25 ,2.18 ,1.88 ,1.75 ,6.93 ,4.05 ,5.51 ,2.59 ,8.80 ,1.24 ,6.38 ,5.05 ,2.53 
1/14,7.21 ,18.37 ,3.98 ,1.65 ,7.01 ,9.12 ,2.02 ,0.25 ,8.34 ,0.82 ,3.81 ,0.87 ,0.45 ,8.20 ,4.34 ,1.99 ,7.92 ,0.56 ,4.31 ,8.76 ,0.03 
1/15,3.74 ,11.23 ,2.86 ,0.29 ,4.70 ,10.85 ,2.43 ,2.54 ,12.49 ,1.03 ,2.33 ,0.56 ,2.00 ,1.98 ,0.16 ,6.47 ,2.78 ,2.63 ,11.86 ,10.36 ,6.72 
1/16,5.10 ,7.96 ,7.90 ,3.23 ,3.51 ,8.84 ,12.16 ,1.52 ,0.02 ,1.22 ,1.41 ,2.42 ,2.63 ,7.52 ,3.17 ,12.57 ,8.04 ,2.02 ,2.38 ,2.54 ,3.84 
1/17,0.70 ,2.20 ,6.03 ,1.88 ,6.91 ,4.95 ,2.44 ,0.59 ,7.25 ,2.94 ,7.98 ,6.17 ,1.68 ,7.17 ,7.01 ,10.79 ,4.20 ,3.23 ,6.31 ,1.65 ,7.92 
1/18,3.17 ,1.86 ,6.47 ,6.58 ,0.70 ,11.15 ,9.47 ,3.58 ,0.45 ,5.08 ,5.79 ,6.99 ,4.07 ,1.22 ,6.19 ,8.97 ,0.18 ,2.61 ,3.19 ,5.52 ,6.76 
1/19,5.01 ,0.27 ,2.14 ,6.37 ,0.81 ,8.27 ,2.80 ,10.73 ,9.90 ,3.14 ,5.78 ,4.39 ,0.79 ,2.54 ,2.98 ,10.78 ,4.24 ,7.59 ,1.16 ,9.69 ,0.63 
1/20,2.60 ,3.44 ,2.29 ,5.76 ,1.85 ,2.93 ,5.20 ,0.06 ,10.03 ,0.83 ,12.50 ,1.69 ,0.54 ,7.36 ,8.83 ,5.00 ,1.43 ,4.52 ,11.29 ,7.88 ,3.97 
1/21,0.40 ,4.69 ,3.15 ,0.68 ,4.23 ,10.74 ,16.54 ,9.55 ,3.16 ,1.21 ,1.98 ,0.11 ,6.39 ,3.28 ,3.56 ,3.91 ,6.19 ,0.77 ,4.18 ,9.88 ,5.40 
1/22,3.95 ,1.25 ,1.15 ,7.55 ,5.25 ,16.05 ,1.66 ,4.76 ,0.62 ,0.44 ,0.46 ,13.54 ,4.70 ,3.56 ,1.06 ,7.38 ,4.51 ,0.13 ,7.52 ,3.24 ,11.22 
1/23,4.40 ,16.59 ,4.89 ,1.39 ,3.64 ,7.33 ,3.17 ,1.92 ,11.15 ,0.96 ,0.96 ,0.86 ,2.21 ,2.81 ,1.46 ,4.84 ,6.67 ,2.09 ,4.38 ,13.19 ,5.10 
1/24,0.58 ,1.68 ,9.67 ,3.96 ,6.83 ,9.08 ,4.18 ,8.28 ,0.76 ,3.51 ,7.03 ,3.52 ,2.24 ,1.66 ,6.90 ,5.69 ,1.96 ,7.98 ,10.89 ,1.09 ,2.50 
1/25,6.68 ,7.35 ,11.88 ,5.81 ,3.68 ,2.19 ,9.17 ,0.21 ,2.93 ,4.91 ,4.88 ,1.85 ,7.55 ,2.43 ,6.63 ,4.27 ,6.25 ,0.89 ,7.28 ,0.83 ,2.36 
1/26,6.20 ,9.99 ,0.42 ,0.80 ,2.26 ,18.09 ,5.11 ,3.12 ,7.68 ,4.03 ,0.52 ,3.31 ,4.85 ,3.78 ,0.08 ,7.19 ,1.42 ,4.80 ,9.96 ,1.08 ,5.30 
1/27,5.27 ,7.05 ,0.38 ,2.78 ,4.16 ,4.00 ,3.87 ,8.29 ,6.07 ,5.25 ,2.19 ,5.43 ,1.76 ,8.90 ,2.53 ,5.53 ,6.44 ,4.68 ,8.36 ,1.04 ,6.01 
1/28,6.01 ,6.38 ,5.52 ,1.14 ,4.07 ,5.41 ,1.81 ,3.82 ,6.19 ,5.79 ,7.91 ,2.97 ,4.16 ,5.41 ,4.87 ,3.67 ,0.65 ,4.89 ,11.40 ,7.76 ,0.18 
1/29,3.76 ,5.30 ,5.19 ,2.05 ,1.35 ,11.88 ,9.85 ,1.99 ,7.16 ,3.37 ,5.45 ,2.74 ,1.82 ,0.67 ,2.48 ,7.55 ,8.33 ,2.81 ,8.54 ,0.56 ,7.15 
1/30,5.88 ,5.85 ,6.04 ,1.31 ,3.11 ,9.28 ,11.16 ,1.91 ,7.84 ,4.43 ,5.03 ,0.31 ,2.03 ,0.60 ,1.33 ,6.50 ,9.55 ,3.60 ,7.09 ,0.40 ,6.72 
1/31,1.44 ,2.93 ,4.16 ,3.16 ,4.24 ,5.62 ,2.07 ,2.68 ,9.39 ,4.47 ,5.84 ,3.87 ,3.99 ,6.19 ,5.48 ,7.42 ,3.11 ,2.47 ,9.04 ,9.53 ,2.90 
2/1,2.07 ,3.88 ,0.92 ,3.77 ,0.50 ,16.29 ,4.25 ,5.25 ,4.36 ,4.62 ,0.78 ,8.86 ,2.09 ,3.08 ,3.72 ,8.41 ,3.04 ,2.29 ,13.03 ,2.47 ,6.32 
2/2,5.30 ,3.34 ,1.70 ,6.60 ,4.38 ,6.50 ,8.12 ,4.74 ,2.33 ,2.71 ,3.26 ,12.87 ,8.18 ,1.88 ,3.49 ,1.05 ,7.36 ,2.90 ,6.39 ,0.09 ,6.82 
2/3,8.50 ,2.21 ,9.30 ,4.12 ,1.57 ,3.51 ,2.78 ,0.25 ,6.24 ,6.45 ,6.14 ,5.65 ,0.05 ,1.87 ,3.20 ,1.79 ,10.82 ,8.95 ,4.94 ,9.35 ,2.31 
2/4,0.19 ,0.21 ,3.58 ,0.59 ,0.30 ,3.10 ,17.56 ,9.04 ,5.55 ,1.49 ,7.74 ,2.64 ,3.70 ,0.98 ,7.49 ,6.88 ,8.78 ,3.32 ,5.20 ,6.74 ,4.93 
2/5,10.06 ,3.01 ,6.08 ,2.04 ,8.77 ,6.78 ,1.33 ,6.36 ,1.74 ,8.02 ,7.85 ,6.03 ,7.24 ,3.84 ,6.71 ,1.06 ,4.76 ,1.30 ,1.22 ,4.40 ,1.38 
2/6,2.10 ,14.29 ,6.71 ,0.74 ,3.98 ,12.61 ,10.38 ,0.27 ,8.97 ,0.25 ,0.98 ,2.54 ,2.24 ,5.24 ,0.48 ,7.71 ,7.21 ,0.07 ,4.97 ,5.38 ,2.88 
2/7,2.00 ,2.50 ,5.75 ,4.81 ,2.04 ,9.27 ,9.50 ,8.25 ,1.46 ,3.53 ,10.20 ,4.38 ,0.11 ,1.28 ,2.44 ,4.23 ,3.98 ,5.62 ,2.17 ,9.41 ,7.08 
2/8,1.75 ,6.83 ,1.70 ,1.89 ,4.35 ,11.61 ,9.15 ,3.04 ,9.18 ,3.29 ,4.32 ,1.87 ,3.47 ,3.09 ,0.61 ,5.64 ,8.02 ,5.09 ,10.12 ,1.51 ,3.47 
2/9,3.64 ,0.40 ,1.23 ,7.71 ,5.53 ,16.76 ,2.54 ,3.77 ,1.37 ,0.42 ,1.69 ,14.44 ,3.50 ,2.02 ,0.45 ,9.63 ,3.84 ,0.09 ,7.12 ,4.51 ,9.32 
2/10,5.40 ,8.97 ,2.58 ,3.76 ,6.09 ,12.85 ,3.69 ,4.27 ,9.45 ,0.89 ,3.38 ,0.92 ,2.73 ,6.65 ,0.65 ,5.73 ,0.49 ,3.46 ,11.24 ,6.34 ,0.45 
2/11,2.34 ,0.79 ,7.83 ,9.43 ,1.21 ,6.63 ,5.34 ,2.25 ,6.98 ,3.38 ,11.17 ,8.75 ,4.11 ,1.07 ,6.34 ,10.08 ,2.24 ,2.09 ,1.03 ,3.00 ,3.92 
2/12,8.38 ,7.48 ,3.33 ,2.26 ,2.17 ,10.99 ,2.10 ,1.30 ,8.96 ,10.64 ,2.64 ,3.99 ,8.84 ,2.12 ,1.46 ,7.22 ,3.35 ,1.72 ,6.37 ,4.17 ,0.51 
2/13,3.93 ,1.03 ,3.00 ,8.28 ,7.60 ,7.66 ,5.12 ,4.16 ,1.96 ,5.88 ,2.58 ,14.62 ,5.35 ,1.09 ,0.58 ,4.83 ,4.25 ,6.94 ,2.73 ,0.28 ,8.12 
2/14,3.74 ,11.23 ,2.86 ,0.29 ,4.70 ,10.85 ,2.43 ,2.54 ,12.49 ,1.03 ,2.33 ,0.56 ,2.00 ,1.98 ,0.16 ,6.47 ,2.78 ,2.63 ,11.86 ,10.36 ,6.72 
2/15,2.46 ,10.82 ,4.21 ,1.45 ,5.50 ,9.35 ,4.81 ,0.57 ,12.15 ,0.53 ,3.40 ,1.43 ,2.53 ,2.66 ,0.46 ,6.29 ,4.53 ,2.42 ,9.89 ,10.01 ,4.54 
2/16,3.95 ,12.41 ,2.28 ,2.72 ,5.92 ,6.30 ,2.38 ,8.22 ,7.58 ,6.92 ,0.92 ,2.98 ,2.53 ,5.07 ,2.73 ,6.20 ,2.18 ,4.03 ,7.98 ,6.61 ,0.08 
2/17,0.70 ,2.53 ,1.08 ,0.56 ,4.36 ,9.93 ,21.15 ,7.85 ,6.81 ,0.80 ,4.99 ,2.76 ,3.78 ,2.42 ,1.53 ,4.53 ,7.06 ,2.74 ,1.82 ,7.70 ,4.91 
2/18,1.83 ,1.79 ,3.59 ,4.86 ,3.68 ,9.54 ,12.91 ,4.87 ,5.94 ,0.80 ,2.15 ,8.60 ,0.73 ,5.46 ,0.85 ,13.69 ,6.50 ,1.99 ,1.85 ,5.43 ,2.95 
2/19,3.07 ,0.94 ,6.04 ,6.62 ,1.29 ,11.67 ,10.33 ,2.65 ,2.41 ,4.41 ,6.31 ,7.92 ,2.79 ,0.18 ,5.27 ,10.71 ,0.66 ,2.42 ,2.81 ,6.58 ,4.91 
2/20,1.86 ,4.80 ,0.01 ,4.15 ,5.56 ,10.19 ,8.29 ,2.57 ,11.28 ,1.89 ,0.77 ,5.44 ,1.39 ,3.80 ,1.36 ,9.44 ,3.31 ,1.60 ,5.55 ,6.37 ,10.35 
2/21,4.77 ,7.57 ,3.70 ,0.95 ,2.54 ,6.85 ,13.55 ,11.78 ,2.03 ,4.70 ,10.24 ,0.66 ,3.94 ,1.26 ,3.38 ,1.19 ,9.20 ,1.00 ,3.45 ,5.80 ,1.45 
2/22,5.88 ,5.85 ,6.04 ,1.31 ,3.11 ,9.28 ,11.16 ,1.91 ,7.84 ,4.43 ,5.03 ,0.31 ,2.03 ,0.60 ,1.33 ,6.50 ,9.55 ,3.61 ,7.09 ,0.40 ,6.72 
2/23,5.38 ,0.59 ,2.68 ,2.06 ,2.08 ,12.50 ,14.31 ,0.80 ,7.33 ,2.99 ,2.24 ,4.32 ,0.37 ,2.39 ,3.92 ,9.32 ,4.71 ,2.16 ,7.23 ,4.92 ,7.71 
2/24,7.72 ,2.69 ,8.98 ,3.49 ,4.14 ,6.70 ,6.20 ,2.66 ,10.20 ,2.03 ,6.15 ,4.29 ,0.53 ,0.30 ,3.22 ,3.33 ,5.33 ,5.32 ,4.98 ,4.90 ,6.86 
2/25,5.68 ,2.16 ,8.23 ,7.27 ,0.68 ,5.66 ,6.16 ,5.27 ,3.22 ,4.87 ,5.03 ,5.28 ,5.97 ,3.40 ,5.88 ,6.02 ,0.87 ,4.36 ,3.63 ,4.50 ,5.86 
2/26,8.47 ,0.66 ,7.18 ,4.76 ,2.00 ,7.07 ,12.82 ,0.42 ,4.66 ,3.73 ,3.03 ,4.13 ,6.16 ,5.19 ,1.33 ,7.70 ,6.41 ,0.49 ,2.56 ,1.92 ,9.31 
2/27,0.89 ,5.01 ,0.24 ,2.24 ,1.95 ,15.85 ,12.45 ,1.85 ,4.87 ,3.83 ,3.19 ,3.52 ,3.78 ,3.61 ,3.57 ,9.16 ,1.60 ,4.20 ,4.60 ,4.80 ,8.79 
2/28,4.24 ,0.75 ,3.06 ,5.62 ,6.74 ,10.89 ,1.49 ,8.12 ,0.82 ,6.95 ,0.89 ,13.25 ,3.36 ,1.91 ,0.19 ,3.30 ,5.66 ,5.92 ,2.45 ,6.98 ,7.41 
3/1,3.51 ,9.12 ,0.90 ,2.92 ,0.53 ,15.88 ,11.06 ,1.35 ,5.40 ,0.20 ,1.66 ,5.44 ,2.09 ,5.02 ,9.00 ,7.87 ,3.17 ,2.00 ,5.70 ,4.84 ,2.34 
3/2,1.67 ,1.94 ,7.29 ,7.62 ,1.87 ,9.65 ,2.93 ,0.85 ,7.08 ,0.73 ,18.83 ,4.83 ,1.73 ,5.40 ,1.34 ,6.44 ,2.09 ,4.93 ,2.28 ,4.10 ,6.41 
3/3,5.03 ,5.86 ,0.71 ,2.80 ,5.01 ,5.31 ,2.69 ,8.14 ,5.76 ,5.02 ,3.86 ,4.97 ,2.81 ,9.35 ,3.82 ,4.66 ,7.96 ,2.19 ,7.74 ,2.77 ,3.55 
3/4,5.88 ,5.85 ,6.04 ,1.31 ,3.11 ,9.28 ,11.16 ,1.91 ,7.84 ,4.43 ,5.03 ,0.31 ,2.03 ,0.60 ,1.33 ,6.50 ,9.55 ,3.60 ,7.09 ,0.40 ,6.72 
3/5,2.71 ,0.69 ,6.39 ,6.73 ,1.17 ,11.34 ,10.04 ,2.37 ,2.97 ,4.54 ,6.54 ,8.06 ,2.70 ,0.03 ,5.74 ,10.36 ,0.58 ,2.39 ,2.65 ,6.95 ,5.05 
3/6,0.81 ,14.94 ,3.13 ,5.58 ,2.84 ,3.29 ,3.72 ,3.62 ,4.45 ,1.87 ,0.20 ,3.65 ,8.90 ,1.91 ,3.19 ,4.87 ,4.50 ,7.26 ,8.33 ,10.33 ,2.63 
3/7,1.70 ,10.01 ,5.04 ,1.72 ,5.99 ,8.15 ,5.40 ,0.56 ,12.09 ,0.98 ,3.95 ,2.55 ,2.18 ,1.07 ,0.08 ,6.10 ,4.38 ,3.50 ,9.91 ,10.53 ,4.10 
3/8,4.85 ,19.25 ,1.91 ,0.81 ,7.13 ,7.47 ,1.81 ,1.83 ,7.30 ,1.31 ,6.26 ,2.65 ,1.18 ,7.73 ,5.85 ,1.80 ,8.90 ,0.88 ,2.44 ,7.50 ,1.12 
3/9,1.30 ,6.88 ,2.86 ,1.32 ,0.55 ,9.53 ,20.27 ,10.81 ,6.86 ,0.32 ,3.54 ,0.90 ,4.59 ,2.19 ,5.76 ,2.90 ,6.01 ,0.59 ,2.06 ,5.63 ,5.12 
3/10,5.08 ,0.85 ,6.78 ,6.99 ,0.94 ,8.35 ,13.10 ,3.68 ,2.55 ,3.97 ,1.66 ,7.96 ,5.42 ,2.21 ,8.29 ,11.72 ,1.31 ,0.07 ,4.13 ,3.67 ,1.27 
3/11,5.68 ,2.16 ,8.23 ,7.27 ,0.68 ,5.66 ,6.16 ,5.27 ,3.22 ,4.87 ,5.03 ,5.28 ,5.97 ,3.40 ,5.88 ,6.02 ,0.87 ,4.36 ,3.63 ,4.50 ,5.86 
3/12,2.77 ,0.80 ,6.04 ,7.00 ,0.12 ,2.77 ,1.72 ,6.68 ,9.48 ,8.05 ,9.10 ,6.19 ,3.70 ,1.75 ,7.34 ,6.87 ,6.15 ,4.17 ,1.67 ,7.44 ,0.20 
3/13,7.72 ,12.88 ,2.67 ,0.74 ,1.33 ,9.77 ,2.89 ,5.25 ,3.81 ,1.01 ,1.60 ,2.07 ,4.08 ,10.24 ,13.22 ,2.70 ,2.73 ,3.64 ,3.24 ,3.83 ,4.59 
3/14,7.38 ,5.64 ,4.91 ,0.77 ,7.72 ,10.89 ,4.73 ,8.58 ,2.88 ,4.24 ,3.29 ,4.27 ,0.44 ,5.63 ,4.15 ,0.74 ,6.66 ,4.19 ,5.78 ,2.47 ,4.62 
3/15,9.32 ,13.22 ,3.67 ,4.81 ,3.48 ,6.97 ,2.59 ,0.19 ,2.39 ,2.89 ,5.72 ,6.16 ,1.17 ,2.51 ,7.21 ,2.36 ,4.33 ,1.25 ,9.53 ,1.96 ,8.28 
3/16,7.57 ,12.84 ,0.09 ,0.46 ,2.76 ,12.71 ,4.34 ,5.13 ,8.25 ,5.43 ,2.59 ,0.01 ,6.47 ,0.14 ,1.20 ,5.08 ,3.35 ,3.06 ,5.61 ,6.25 ,6.66 
3/17,2.67 ,10.25 ,6.86 ,5.15 ,2.68 ,0.97 ,0.60 ,5.05 ,0.19 ,1.28 ,6.91 ,8.64 ,7.14 ,0.57 ,6.95 ,3.75 ,4.60 ,6.79 ,2.61 ,11.54 ,4.80 
3/18,2.23 ,8.43 ,1.24 ,2.69 ,2.99 ,7.30 ,2.69 ,3.05 ,14.89 ,1.53 ,9.71 ,2.67 ,1.60 ,2.76 ,1.00 ,3.53 ,4.15 ,1.98 ,10.30 ,6.01 ,9.26 
3/19,5.21 ,2.41 ,8.39 ,5.10 ,4.51 ,1.68 ,4.55 ,2.28 ,8.97 ,1.81 ,9.55 ,4.16 ,1.44 ,1.05 ,5.58 ,7.24 ,2.20 ,8.54 ,5.50 ,7.59 ,2.24 
3/20,9.37 ,4.89 ,7.37 ,7.33 ,0.73 ,2.39 ,0.50 ,4.84 ,9.98 ,0.36 ,0.90 ,1.17 ,5.09 ,11.85 ,4.40 ,3.31 ,2.84 ,6.03 ,3.97 ,2.82 ,9.88 
3/21,2.08 ,0.80 ,6.62 ,5.50 ,0.99 ,6.43 ,11.87 ,9.90 ,2.65 ,2.81 ,8.72 ,4.56 ,2.22 ,4.09 ,2.94 ,4.38 ,8.11 ,2.20 ,0.75 ,7.04 ,5.34 
3/22,2.79 ,2.09 ,0.10 ,0.02 ,5.29 ,13.11 ,12.78 ,6.03 ,3.70 ,3.21 ,6.73 ,1.41 ,7.85 ,0.79 ,3.74 ,2.68 ,3.26 ,4.30 ,1.48 ,9.75 ,8.88 
3/23,6.71 ,3.01 ,6.29 ,5.11 ,2.12 ,9.73 ,13.06 ,0.15 ,3.94 ,0.47 ,3.75 ,4.09 ,4.23 ,6.13 ,1.41 ,8.38 ,5.26 ,1.68 ,1.68 ,2.20 ,10.60 
3/24,3.79 ,0.30 ,2.03 ,1.83 ,0.28 ,6.32 ,6.47 ,11.08 ,4.20 ,14.10 ,5.09 ,0.36 ,3.10 ,1.38 ,9.34 ,0.51 ,12.20 ,6.26 ,4.30 ,6.26 ,0.80 
3/25,7.04 ,6.73 ,3.71 ,5.88 ,2.78 ,13.88 ,4.38 ,7.00 ,1.48 ,3.96 ,0.60 ,10.88 ,0.26 ,4.04 ,1.73 ,5.64 ,1.16 ,2.55 ,7.12 ,0.83 ,8.35 
3/26,2.33 ,2.52 ,8.02 ,4.55 ,0.93 ,3.71 ,12.86 ,4.68 ,6.42 ,1.13 ,13.19 ,0.35 ,2.75 ,0.69 ,7.44 ,7.01 ,5.05 ,3.26 ,6.81 ,6.24 ,0.06 
3/27,2.26 ,2.98 ,8.08 ,4.36 ,1.33 ,4.03 ,13.00 ,4.90 ,6.10 ,1.25 ,13.03 ,0.05 ,3.01 ,0.39 ,7.28 ,7.08 ,4.71 ,3.55 ,6.42 ,6.18 ,0.01 
3/28,2.73 ,6.30 ,1.99 ,1.67 ,1.45 ,12.86 ,15.12 ,3.59 ,6.88 ,3.83 ,5.26 ,5.50 ,1.11 ,5.46 ,7.31 ,6.34 ,0.22 ,1.00 ,4.47 ,6.11 ,0.80 
3/29,5.52 ,10.69 ,2.84 ,1.08 ,4.46 ,10.93 ,3.62 ,8.90 ,0.00 ,1.03 ,7.30 ,0.42 ,6.86 ,2.20 ,4.67 ,6.73 ,7.31 ,7.36 ,2.64 ,1.83 ,3.62 
3/30,5.75 ,11.07 ,4.32 ,3.46 ,0.02 ,18.80 ,0.63 ,7.09 ,1.45 ,0.19 ,0.08 ,6.12 ,5.46 ,6.64 ,2.87 ,10.29 ,1.04 ,2.84 ,6.63 ,0.39 ,4.86 
3/31,4.60 ,2.86 ,3.94 ,1.97 ,3.98 ,6.22 ,17.37 ,13.07 ,9.17 ,3.23 ,1.44 ,1.98 ,1.31 ,1.14 ,9.62 ,4.90 ,7.97 ,1.14 ,0.99 ,0.58 ,2.53 
4/1,3.74 ,1.01 ,3.80 ,1.95 ,2.52 ,10.18 ,14.77 ,1.81 ,5.27 ,7.02 ,5.57 ,2.89 ,0.24 ,0.79 ,7.03 ,7.96 ,5.91 ,1.26 ,3.89 ,6.97 ,5.39 
4/2,0.00 ,1.34 ,1.72 ,1.46 ,4.11 ,8.62 ,17.87 ,3.52 ,4.24 ,0.14 ,8.47 ,5.59 ,5.62 ,3.21 ,2.09 ,9.95 ,4.18 ,1.64 ,3.44 ,9.96 ,2.87 
4/3,4.25 ,1.00 ,1.38 ,3.73 ,7.59 ,7.82 ,2.88 ,1.58 ,3.92 ,6.02 ,12.91 ,3.30 ,7.40 ,2.74 ,7.00 ,3.69 ,1.28 ,3.97 ,6.10 ,4.67 ,6.78 
4/4,1.23 ,2.12 ,3.87 ,5.00 ,6.55 ,6.14 ,3.86 ,8.86 ,4.42 ,0.15 ,8.93 ,5.47 ,6.80 ,2.92 ,2.27 ,6.18 ,2.56 ,5.87 ,3.17 ,12.09 ,1.55 
4/5,1.68 ,1.50 ,6.31 ,8.66 ,1.32 ,7.36 ,1.63 ,5.91 ,8.27 ,1.97 ,11.12 ,8.26 ,4.26 ,0.17 ,4.72 ,5.00 ,6.85 ,3.56 ,2.14 ,6.15 ,3.19 
4/6,7.08 ,4.99 ,0.33 ,0.39 ,5.87 ,4.49 ,10.07 ,0.07 ,3.53 ,4.56 ,8.42 ,3.37 ,5.52 ,6.20 ,6.18 ,1.76 ,2.86 ,4.56 ,10.79 ,5.70 ,3.25 
4/7,0.82 ,5.01 ,2.55 ,3.14 ,1.05 ,13.69 ,12.41 ,0.07 ,4.18 ,3.88 ,3.50 ,7.05 ,0.28 ,6.84 ,8.25 ,9.51 ,4.90 ,0.51 ,6.56 ,5.71 ,0.08 
4/8,5.51 ,0.02 ,3.38 ,7.23 ,6.75 ,5.46 ,0.98 ,6.60 ,1.92 ,5.53 ,2.61 ,14.62 ,5.33 ,0.66 ,1.58 ,4.46 ,10.21 ,10.89 ,0.57 ,0.50 ,5.17 
4/9,0.52 ,8.07 ,1.70 ,5.18 ,1.39 ,1.05 ,3.18 ,2.89 ,6.19 ,5.94 ,0.46 ,3.16 ,4.83 ,10.93 ,5.11 ,6.69 ,6.31 ,5.06 ,0.36 ,14.89 ,6.09 
4/10,5.37 ,3.25 ,1.17 ,5.71 ,3.97 ,11.66 ,5.72 ,2.18 ,4.75 ,7.21 ,7.29 ,10.20 ,4.01 ,1.33 ,3.68 ,11.55 ,5.28 ,0.74 ,0.26 ,0.88 ,3.77 
4/11,1.58 ,12.68 ,1.89 ,0.48 ,4.81 ,8.65 ,7.52 ,6.90 ,11.94 ,3.90 ,3.57 ,2.71 ,3.09 ,1.56 ,1.82 ,5.88 ,0.53 ,1.56 ,7.11 ,7.21 ,4.60 
4/12,3.35 ,4.33 ,2.80 ,3.84 ,8.28 ,7.54 ,8.91 ,6.65 ,5.15 ,4.26 ,1.86 ,8.38 ,0.67 ,0.13 ,1.14 ,3.53 ,5.66 ,9.46 ,3.81 ,1.78 ,8.49 
4/13,2.25 ,3.03 ,7.33 ,5.01 ,3.33 ,1.17 ,2.91 ,10.41 ,1.60 ,8.28 ,6.63 ,5.96 ,4.08 ,7.21 ,0.56 ,8.70 ,1.74 ,3.22 ,2.48 ,13.79 ,0.32 
4/14,5.97 ,0.84 ,3.03 ,5.61 ,2.70 ,11.82 ,1.99 ,0.71 ,3.20 ,8.46 ,5.87 ,10.82 ,1.39 ,2.56 ,4.41 ,9.39 ,5.79 ,1.87 ,5.25 ,2.18 ,6.14 
4/15,2.44 ,15.87 ,13.38 ,4.07 ,6.52 ,5.46 ,3.89 ,5.58 ,2.48 ,6.06 ,0.22 ,0.89 ,1.21 ,0.26 ,4.61 ,3.63 ,2.12 ,8.54 ,3.11 ,4.69 ,4.98 
4/16,0.79 ,1.38 ,7.61 ,7.79 ,0.32 ,5.98 ,5.93 ,7.54 ,8.21 ,3.06 ,11.78 ,6.52 ,2.97 ,0.35 ,5.05 ,5.09 ,5.59 ,4.01 ,0.48 ,7.47 ,2.10 
4/17,1.60 ,0.80 ,1.48 ,6.49 ,4.66 ,5.98 ,8.20 ,4.64 ,3.41 ,2.75 ,0.68 ,10.91 ,6.53 ,5.54 ,2.33 ,8.74 ,7.04 ,4.61 ,5.61 ,1.99 ,6.01 
4/18,1.54 ,4.44 ,2.87 ,6.23 ,3.64 ,1.57 ,0.01 ,3.71 ,5.48 ,6.36 ,5.28 ,3.58 ,1.34 ,12.20 ,4.82 ,5.67 ,5.28 ,0.42 ,1.47 ,11.30 ,12.79 
4/19,0.56 ,2.59 ,2.57 ,0.65 ,4.18 ,6.49 ,19.04 ,8.78 ,3.51 ,0.79 ,5.44 ,1.92 ,2.22 ,4.88 ,3.75 ,2.57 ,9.23 ,3.04 ,5.89 ,6.35 ,5.57 
4/20,0.62 ,2.04 ,0.24 ,7.36 ,5.03 ,1.28 ,2.95 ,6.45 ,1.09 ,2.37 ,2.21 ,12.10 ,8.40 ,6.65 ,1.27 ,6.36 ,12.68 ,6.95 ,4.40 ,5.19 ,4.36 
4/21,6.05 ,2.51 ,3.87 ,2.10 ,0.47 ,5.78 ,5.68 ,15.80 ,3.52 ,7.98 ,3.87 ,0.66 ,2.15 ,2.57 ,5.12 ,0.40 ,15.38 ,4.87 ,3.97 ,6.65 ,0.61 
4/22,5.97 ,0.84 ,3.03 ,5.61 ,2.70 ,11.82 ,1.99 ,0.71 ,3.20 ,8.46 ,5.87 ,10.82 ,1.39 ,2.56 ,4.41 ,9.39 ,5.79 ,1.87 ,5.25 ,2.18 ,6.14 
4/23,2.67 ,7.08 ,1.65 ,3.69 ,3.72 ,6.16 ,11.64 ,3.11 ,7.20 ,4.53 ,10.01 ,5.87 ,0.65 ,4.78 ,9.70 ,7.68 ,4.29 ,2.99 ,1.84 ,0.60 ,0.14 
4/24,5.55 ,2.56 ,2.82 ,2.32 ,1.06 ,5.92 ,4.41 ,17.40 ,3.18 ,7.94 ,2.96 ,0.26 ,2.65 ,3.45 ,4.32 ,0.50 ,17.20 ,4.86 ,3.72 ,6.57 ,0.33 
4/25,5.96 ,0.84 ,3.03 ,5.61 ,2.69 ,11.81 ,1.98 ,1.28 ,3.20 ,8.45 ,5.86 ,10.81 ,1.38 ,2.14 ,4.40 ,9.35 ,5.78 ,1.86 ,5.25 ,2.18 ,6.14 
4/26,8.87 ,3.36 ,2.26 ,3.84 ,2.06 ,13.62 ,0.53 ,3.07 ,5.30 ,7.56 ,7.79 ,9.17 ,5.14 ,1.77 ,5.28 ,7.78 ,2.54 ,2.07 ,1.30 ,0.99 ,5.69 
4/27,5.69 ,4.35 ,1.14 ,5.68 ,1.67 ,12.42 ,2.93 ,3.03 ,7.68 ,4.69 ,8.48 ,6.01 ,5.11 ,1.68 ,2.15 ,6.43 ,6.16 ,3.16 ,2.51 ,4.81 ,4.23 
4/28,1.36 ,2.09 ,3.03 ,2.90 ,6.49 ,3.62 ,4.22 ,11.76 ,6.08 ,1.35 ,2.95 ,5.30 ,7.39 ,1.91 ,1.31 ,2.64 ,13.00 ,6.02 ,7.11 ,3.98 ,5.49 
4/29,3.01 ,3.26 ,2.10 ,2.23 ,4.88 ,7.11 ,4.62 ,14.97 ,3.33 ,5.35 ,9.21 ,1.05 ,1.44 ,1.64 ,0.19 ,5.47 ,12.18 ,5.80 ,2.44 ,4.31 ,5.39 
4/30,5.36 ,18.58 ,0.35 ,4.29 ,0.52 ,17.33 ,1.88 ,1.50 ,1.16 ,4.25 ,0.65 ,2.85 ,2.24 ,7.54 ,4.03 ,8.82 ,5.51 ,1.45 ,4.19 ,4.00 ,3.50 
5/1,2.35 ,11.67 ,2.62 ,0.52 ,0.47 ,11.70 ,7.15 ,2.05 ,15.42 ,2.20 ,0.81 ,0.20 ,3.45 ,1.48 ,3.81 ,6.66 ,3.74 ,0.26 ,8.37 ,8.81 ,6.24 
5/2,2.94 ,3.76 ,1.52 ,6.83 ,5.84 ,17.43 ,5.75 ,2.28 ,1.06 ,1.68 ,0.95 ,11.11 ,2.84 ,1.60 ,3.68 ,11.06 ,0.68 ,1.20 ,4.03 ,5.41 ,8.36 
5/3,6.92 ,0.65 ,4.41 ,2.04 ,0.40 ,0.55 ,10.66 ,18.65 ,1.33 ,9.57 ,0.99 ,0.01 ,1.56 ,2.35 ,4.73 ,3.49 ,13.40 ,6.96 ,1.08 ,7.66 ,2.60 
5/4,3.00 ,6.52 ,1.03 ,1.02 ,1.63 ,10.50 ,17.84 ,10.75 ,6.92 ,1.02 ,2.22 ,0.78 ,4.27 ,2.68 ,7.24 ,2.49 ,6.98 ,1.22 ,0.90 ,4.90 ,6.08 
5/5,0.62 ,2.04 ,0.24 ,7.36 ,5.03 ,1.28 ,2.95 ,6.45 ,1.09 ,2.37 ,2.21 ,12.10 ,8.41 ,6.65 ,1.27 ,6.36 ,12.68 ,6.95 ,4.40 ,5.19 ,4.36 
5/6,5.38 ,3.24 ,1.46 ,0.34 ,6.05 ,2.14 ,12.50 ,0.43 ,2.05 ,0.24 ,10.59 ,3.63 ,3.74 ,9.35 ,7.92 ,1.47 ,0.42 ,6.74 ,10.42 ,6.27 ,5.63 
5/7,8.79 ,1.65 ,2.92 ,0.74 ,8.79 ,4.34 ,6.70 ,0.09 ,1.86 ,3.22 ,6.98 ,7.81 ,2.42 ,6.37 ,10.61 ,0.52 ,3.90 ,8.12 ,7.51 ,4.45 ,2.21 
5/8,8.85 ,4.43 ,0.85 ,1.12 ,4.72 ,2.44 ,4.08 ,2.33 ,3.12 ,3.78 ,13.03 ,4.21 ,3.38 ,5.82 ,5.48 ,0.65 ,4.77 ,8.42 ,12.08 ,5.22 ,1.24 
5/9,3.83 ,1.22 ,2.51 ,5.59 ,6.59 ,11.18 ,2.70 ,6.94 ,2.10 ,6.12 ,1.68 ,13.34 ,2.46 ,2.64 ,0.24 ,4.92 ,4.90 ,5.37 ,2.31 ,7.39 ,5.97 
5/10,0.55 ,1.32 ,0.69 ,7.19 ,4.15 ,15.12 ,4.80 ,5.25 ,1.12 ,0.09 ,0.66 ,12.08 ,4.20 ,4.24 ,0.99 ,8.14 ,2.94 ,1.99 ,9.86 ,4.20 ,10.43 
5/11,8.66 ,5.37 ,5.09 ,0.26 ,7.15 ,2.62 ,4.78 ,10.46 ,3.54 ,10.54 ,7.15 ,4.44 ,3.16 ,1.78 ,5.37 ,3.90 ,0.74 ,6.49 ,5.40 ,0.31 ,2.78 
5/12,11.43 ,5.25 ,8.72 ,1.42 ,4.27 ,9.90 ,6.42 ,4.25 ,5.66 ,0.82 ,3.69 ,10.20 ,1.12 ,6.01 ,1.80 ,0.16 ,5.87 ,2.44 ,9.53 ,0.43 ,0.61 
5/13,3.88 ,9.40 ,4.70 ,8.65 ,4.44 ,4.81 ,1.47 ,4.22 ,2.31 ,1.04 ,0.53 ,9.85 ,4.70 ,0.49 ,8.72 ,4.37 ,5.46 ,2.63 ,4.97 ,4.40 ,8.98 
5/14,1.76 ,13.24 ,5.09 ,2.51 ,0.55 ,10.51 ,11.56 ,5.13 ,1.68 ,1.62 ,1.56 ,2.83 ,1.01 ,8.82 ,5.46 ,7.95 ,13.73 ,1.08 ,2.96 ,0.67 ,0.26 
5/15,6.84 ,0.83 ,0.77 ,3.41 ,3.31 ,6.40 ,11.74 ,13.73 ,5.33 ,7.10 ,4.28 ,4.00 ,1.33 ,2.56 ,1.38 ,0.11 ,13.55 ,1.52 ,6.01 ,5.35 ,0.45 
5/16,5.82 ,1.44 ,6.69 ,6.12 ,0.81 ,3.47 ,9.48 ,5.17 ,0.03 ,7.20 ,6.59 ,5.51 ,7.44 ,4.29 ,7.34 ,7.27 ,7.89 ,4.25 ,0.17 ,2.95 ,0.05 
5/17,3.14 ,12.96 ,8.51 ,1.34 ,3.27 ,13.26 ,2.28 ,8.85 ,7.18 ,1.95 ,1.11 ,0.28 ,8.04 ,8.44 ,4.60 ,7.50 ,1.66 ,1.30 ,0.65 ,0.36 ,3.34 
5/18,3.34 ,14.94 ,10.33 ,4.14 ,6.49 ,1.07 ,3.89 ,11.63 ,2.19 ,8.24 ,3.70 ,2.56 ,6.38 ,5.28 ,1.41 ,1.05 ,3.31 ,6.73 ,0.20 ,1.54 ,1.57 
5/19,7.08 ,4.99 ,0.33 ,0.38 ,5.87 ,4.49 ,10.07 ,0.07 ,3.53 ,4.56 ,8.42 ,3.37 ,5.52 ,6.20 ,6.18 ,1.76 ,2.87 ,4.56 ,10.79 ,5.70 ,3.25 
5/20,3.68 ,1.25 ,1.83 ,4.47 ,4.76 ,10.60 ,6.51 ,7.18 ,1.26 ,8.47 ,0.95 ,3.09 ,2.47 ,8.46 ,1.51 ,0.87 ,7.27 ,1.04 ,9.61 ,5.32 ,9.41 
5/21,0.62 ,2.04 ,0.24 ,7.36 ,5.03 ,1.28 ,2.95 ,6.45 ,1.09 ,2.37 ,2.21 ,12.10 ,8.41 ,6.65 ,1.27 ,6.36 ,12.68 ,6.95 ,4.40 ,5.19 ,4.36 
5/22,5.86 ,0.04 ,4.72 ,2.79 ,2.86 ,11.09 ,4.11 ,1.61 ,0.66 ,4.70 ,4.43 ,2.04 ,11.72 ,6.40 ,3.66 ,2.43 ,2.99 ,10.97 ,1.88 ,10.49 ,4.54 
5/23,3.45 ,6.01 ,1.84 ,4.60 ,3.78 ,15.88 ,4.45 ,1.94 ,3.09 ,7.36 ,7.43 ,5.02 ,5.48 ,1.40 ,2.38 ,10.51 ,1.85 ,4.48 ,1.30 ,2.62 ,5.11 
5/24,5.93 ,4.85 ,1.57 ,3.26 ,2.10 ,15.94 ,2.79 ,2.27 ,1.32 ,9.80 ,7.56 ,7.61 ,4.26 ,1.64 ,2.18 ,10.93 ,1.93 ,3.75 ,3.15 ,2.13 ,5.03 
5/25,5.93 ,4.85 ,1.57 ,3.26 ,2.10 ,15.94 ,2.79 ,2.27 ,1.32 ,9.80 ,7.56 ,7.61 ,4.26 ,1.64 ,2.18 ,10.93 ,1.93 ,3.75 ,3.15 ,2.13 ,5.03 
5/26,2.76 ,6.72 ,1.80 ,5.95 ,1.17 ,18.14 ,2.14 ,0.08 ,2.27 ,8.20 ,6.51 ,4.95 ,5.10 ,1.94 ,1.51 ,12.77 ,3.18 ,6.68 ,0.35 ,1.68 ,6.11 
5/27,4.60 ,0.72 ,1.92 ,3.53 ,4.24 ,12.23 ,4.46 ,2.28 ,4.83 ,6.94 ,9.75 ,4.32 ,6.70 ,1.69 ,5.18 ,3.91 ,4.08 ,4.28 ,0.93 ,7.12 ,6.29 
5/28,1.71 ,2.24 ,2.26 ,5.34 ,2.93 ,13.93 ,4.60 ,1.12 ,5.30 ,5.06 ,7.88 ,4.80 ,6.58 ,2.12 ,1.03 ,9.47 ,2.18 ,8.10 ,1.32 ,6.13 ,5.92 
5/29,3.12 ,2.19 ,5.36 ,0.19 ,2.16 ,6.62 ,12.21 ,0.20 ,0.28 ,4.25 ,14.46 ,5.09 ,7.99 ,1.30 ,2.68 ,5.51 ,2.44 ,9.02 ,5.94 ,5.58 ,3.39 
5/30,0.86 ,6.76 ,7.54 ,3.61 ,6.53 ,4.05 ,4.24 ,9.79 ,9.58 ,1.08 ,3.84 ,3.65 ,5.19 ,2.65 ,6.53 ,2.71 ,9.67 ,2.34 ,5.77 ,0.39 ,3.22 
5/31,3.41 ,3.87 ,1.35 ,2.25 ,4.65 ,6.89 ,5.43 ,14.66 ,3.91 ,4.57 ,9.83 ,0.42 ,1.07 ,0.96 ,0.61 ,5.76 ,12.31 ,6.44 ,2.65 ,3.49 ,5.48 
6/1,3.30 ,12.53 ,2.50 ,0.68 ,2.50 ,14.63 ,4.31 ,1.54 ,5.36 ,3.34 ,0.24 ,1.03 ,7.76 ,5.59 ,4.82 ,9.72 ,5.16 ,4.86 ,5.13 ,3.03 ,1.96 
6/2,6.04 ,3.83 ,10.27 ,8.20 ,1.58 ,2.74 ,6.55 ,5.48 ,7.64 ,5.81 ,3.51 ,4.45 ,8.22 ,1.75 ,3.32 ,5.01 ,1.89 ,1.69 ,8.24 ,3.47 ,0.29 
6/3,4.40 ,0.04 ,2.16 ,4.47 ,2.17 ,11.68 ,4.82 ,13.43 ,2.33 ,5.79 ,3.12 ,6.05 ,1.65 ,1.78 ,0.17 ,4.30 ,15.63 ,0.93 ,8.39 ,3.19 ,3.48 
6/4,7.83 ,2.96 ,0.33 ,2.56 ,5.23 ,0.01 ,4.78 ,3.59 ,12.63 ,2.42 ,1.74 ,3.42 ,5.55 ,3.13 ,3.43 ,9.58 ,4.60 ,3.38 ,3.50 ,13.76 ,5.59 
6/5,3.87 ,11.20 ,3.77 ,3.81 ,0.04 ,6.89 ,4.50 ,7.33 ,8.24 ,5.45 ,2.87 ,3.38 ,5.53 ,6.34 ,1.56 ,7.58 ,3.09 ,0.17 ,3.27 ,7.60 ,3.51 
6/6,3.06 ,8.04 ,3.04 ,2.25 ,1.37 ,8.01 ,5.08 ,10.43 ,13.81 ,5.51 ,4.03 ,0.42 ,1.56 ,7.50 ,2.02 ,6.82 ,0.52 ,0.31 ,6.75 ,6.71 ,2.75 
6/7,0.34 ,13.98 ,15.35 ,1.96 ,8.25 ,1.65 ,6.82 ,8.29 ,4.02 ,5.25 ,0.49 ,0.54 ,5.71 ,5.78 ,4.36 ,2.25 ,0.82 ,5.65 ,2.65 ,5.20 ,0.65 
6/8,12.75 ,4.51 ,8.64 ,0.23 ,1.23 ,12.00 ,0.96 ,8.28 ,7.47 ,1.43 ,0.47 ,8.45 ,4.18 ,6.88 ,1.90 ,2.15 ,5.92 ,1.39 ,6.20 ,3.81 ,1.16 
6/9,5.25 ,5.47 ,3.93 ,4.27 ,2.13 ,7.37 ,0.71 ,10.82 ,2.79 ,9.00 ,1.74 ,10.38 ,2.59 ,3.35 ,0.21 ,4.66 ,7.21 ,7.27 ,5.59 ,1.52 ,3.72 
6/10,0.71 ,10.31 ,2.27 ,0.99 ,2.03 ,14.98 ,14.18 ,6.94 ,6.85 ,2.19 ,0.49 ,1.65 ,7.33 ,3.21 ,2.72 ,13.09 ,0.34 ,3.19 ,3.27 ,0.10 ,3.18 
6/11,6.80 ,7.86 ,6.19 ,3.77 ,4.95 ,2.82 ,15.76 ,0.97 ,2.74 ,3.59 ,5.27 ,3.73 ,4.56 ,2.31 ,0.39 ,8.66 ,5.97 ,2.22 ,7.08 ,2.42 ,1.96 
6/12,1.17 ,13.49 ,6.18 ,5.13 ,1.86 ,13.63 ,11.75 ,7.41 ,0.77 ,0.11 ,3.32 ,2.61 ,0.63 ,2.42 ,0.70 ,8.60 ,3.03 ,7.03 ,1.35 ,3.71 ,5.11 
6/13,7.99 ,1.07 ,0.75 ,0.20 ,5.41 ,5.31 ,12.44 ,10.76 ,9.49 ,6.26 ,0.59 ,1.75 ,0.09 ,7.08 ,3.74 ,3.89 ,12.91 ,0.22 ,3.50 ,0.94 ,5.61 
6/14,5.99 ,1.77 ,0.15 ,1.07 ,4.77 ,11.58 ,6.81 ,10.75 ,7.33 ,5.19 ,0.17 ,3.99 ,0.50 ,6.60 ,2.19 ,0.45 ,15.40 ,1.18 ,7.47 ,3.90 ,2.75 
6/15,5.36 ,9.19 ,5.34 ,2.02 ,5.20 ,15.02 ,3.69 ,2.73 ,1.91 ,7.76 ,4.85 ,4.24 ,7.59 ,3.88 ,2.00 ,10.93 ,0.83 ,1.48 ,1.32 ,1.08 ,3.58 
6/16,1.53 ,9.98 ,2.01 ,0.68 ,1.83 ,15.59 ,3.52 ,1.08 ,3.19 ,6.60 ,1.80 ,0.76 ,7.03 ,4.85 ,5.07 ,9.28 ,7.48 ,7.53 ,6.02 ,1.57 ,2.59 
6/17,4.52 ,3.45 ,1.85 ,2.73 ,2.86 ,8.37 ,5.90 ,13.46 ,10.10 ,5.53 ,2.06 ,5.07 ,1.89 ,5.33 ,0.20 ,0.39 ,14.99 ,1.08 ,2.64 ,4.22 ,3.37 
6/18,0.75 ,0.69 ,2.23 ,4.90 ,1.43 ,7.29 ,3.83 ,11.11 ,8.40 ,0.93 ,5.83 ,2.85 ,4.38 ,0.19 ,4.83 ,6.06 ,9.67 ,10.35 ,1.63 ,9.86 ,2.81 
6/19,3.63 ,1.18 ,3.73 ,6.74 ,3.60 ,9.77 ,9.03 ,6.12 ,0.66 ,0.08 ,3.70 ,6.03 ,0.26 ,4.65 ,5.05 ,10.32 ,4.83 ,5.59 ,2.33 ,3.97 ,8.71 
6/20,0.84 ,10.47 ,5.41 ,9.32 ,4.46 ,5.46 ,5.09 ,3.23 ,3.15 ,4.54 ,3.19 ,5.86 ,2.54 ,2.81 ,3.46 ,7.50 ,4.08 ,2.16 ,6.98 ,2.08 ,7.36 
6/21,1.11 ,2.31 ,3.20 ,3.02 ,6.57 ,3.37 ,4.22 ,11.70 ,5.96 ,1.23 ,2.99 ,5.35 ,7.66 ,1.66 ,1.31 ,2.70 ,12.89 ,6.10 ,7.09 ,4.07 ,5.50 
6/22,3.87 ,7.71 ,4.29 ,3.37 ,4.17 ,16.50 ,1.45 ,2.53 ,1.59 ,9.66 ,3.65 ,4.15 ,6.65 ,2.58 ,3.92 ,11.15 ,2.62 ,4.27 ,0.87 ,0.06 ,4.92 
6/23,4.01 ,11.57 ,3.11 ,0.10 ,1.55 ,16.75 ,2.04 ,0.31 ,2.95 ,6.17 ,0.22 ,0.44 ,8.26 ,5.71 ,5.57 ,9.15 ,6.59 ,6.68 ,4.48 ,1.22 ,3.11 
6/24,9.26 ,4.59 ,2.65 ,1.03 ,0.25 ,6.55 ,16.53 ,7.69 ,6.35 ,4.60 ,3.69 ,0.92 ,2.50 ,3.53 ,4.94 ,14.49 ,0.83 ,2.96 ,3.21 ,2.28 ,1.15 
6/25,4.71 ,7.89 ,2.87 ,0.19 ,0.20 ,7.57 ,7.64 ,9.77 ,8.97 ,4.33 ,3.83 ,4.12 ,4.24 ,1.56 ,5.88 ,6.55 ,0.81 ,6.89 ,2.64 ,4.82 ,4.52 
6/26,0.62 ,6.82 ,4.28 ,4.26 ,4.54 ,16.83 ,3.00 ,0.74 ,0.85 ,11.35 ,0.31 ,4.05 ,6.04 ,1.93 ,4.02 ,12.92 ,3.49 ,6.71 ,1.74 ,0.79 ,4.74 
6/27,0.62 ,6.38 ,0.20 ,1.71 ,3.80 ,13.62 ,9.13 ,0.81 ,0.88 ,5.58 ,8.25 ,0.38 ,9.74 ,4.96 ,2.38 ,8.72 ,4.26 ,7.23 ,2.38 ,4.57 ,4.40 
6/28,0.49 ,12.61 ,5.37 ,1.99 ,0.94 ,11.36 ,5.04 ,6.92 ,8.90 ,1.55 ,0.77 ,3.02 ,7.00 ,3.91 ,6.49 ,8.89 ,2.13 ,4.65 ,0.85 ,3.94 ,3.17 
6/29,0.09 ,9.55 ,3.28 ,0.96 ,2.11 ,12.17 ,11.17 ,6.70 ,7.92 ,4.40 ,4.20 ,1.37 ,6.42 ,7.10 ,5.08 ,11.79 ,1.61 ,0.81 ,1.68 ,1.57 ,0.03 
6/30,6.39 ,3.96 ,0.35 ,1.42 ,3.68 ,2.49 ,11.87 ,12.43 ,12.17 ,6.22 ,2.92 ,2.61 ,1.41 ,5.65 ,1.28 ,3.92 ,11.56 ,1.54 ,0.03 ,2.00 ,6.10 
7/1,6.95 ,0.61 ,0.69 ,3.20 ,3.54 ,5.90 ,12.39 ,13.63 ,4.72 ,7.09 ,3.95 ,3.49 ,1.61 ,2.17 ,1.30 ,0.96 ,13.46 ,1.56 ,6.05 ,5.90 ,0.81 
7/2,7.32 ,1.63 ,4.65 ,2.68 ,1.07 ,1.77 ,9.81 ,14.95 ,0.76 ,8.37 ,2.63 ,0.62 ,2.49 ,3.24 ,6.02 ,3.05 ,12.78 ,4.99 ,1.83 ,7.39 ,1.94 
7/3,1.71 ,8.99 ,7.26 ,9.36 ,3.22 ,3.00 ,6.18 ,3.42 ,4.15 ,2.81 ,3.68 ,4.68 ,3.68 ,3.68 ,4.39 ,7.65 ,3.92 ,2.18 ,7.66 ,2.03 ,6.35 
7/4,3.52 ,2.47 ,0.01 ,4.37 ,4.36 ,4.29 ,6.65 ,16.50 ,3.05 ,11.61 ,0.88 ,4.97 ,0.18 ,0.71 ,7.03 ,4.61 ,10.36 ,1.10 ,0.45 ,6.00 ,6.88 
7/5,2.90 ,5.19 ,2.45 ,2.70 ,4.48 ,1.34 ,0.66 ,14.95 ,0.60 ,12.20 ,5.36 ,4.47 ,1.32 ,2.65 ,5.65 ,0.60 ,14.35 ,2.16 ,5.43 ,4.84 ,5.68 
7/6,1.01 ,8.07 ,8.57 ,2.49 ,5.68 ,2.46 ,3.02 ,15.11 ,9.46 ,7.72 ,1.22 ,0.48 ,3.04 ,5.60 ,2.51 ,4.03 ,8.74 ,1.95 ,5.58 ,0.60 ,2.66 
7/7,5.38 ,3.99 ,3.25 ,0.32 ,6.69 ,12.89 ,4.51 ,1.29 ,1.76 ,6.36 ,8.81 ,1.45 ,9.46 ,4.33 ,5.98 ,3.32 ,0.32 ,5.01 ,2.80 ,5.89 ,6.21 
7/8,7.61 ,12.61 ,6.45 ,3.32 ,1.32 ,7.92 ,3.58 ,3.28 ,9.89 ,6.52 ,1.21 ,1.40 ,6.88 ,12.24 ,1.11 ,2.32 ,2.56 ,5.90 ,1.41 ,0.75 ,1.71 
7/9,5.50 ,8.21 ,2.99 ,0.46 ,0.82 ,10.05 ,6.41 ,8.61 ,6.62 ,4.05 ,3.28 ,3.13 ,3.79 ,0.78 ,6.84 ,9.79 ,0.46 ,7.82 ,2.93 ,3.93 ,3.53 
7/10,1.25 ,1.34 ,3.47 ,3.18 ,6.40 ,3.05 ,3.99 ,12.01 ,5.78 ,1.45 ,3.32 ,5.29 ,8.03 ,1.78 ,1.11 ,2.56 ,13.21 ,6.55 ,6.20 ,4.56 ,5.47 
7/11,1.26 ,4.34 ,5.49 ,1.94 ,7.28 ,7.80 ,6.09 ,6.69 ,5.11 ,0.29 ,8.74 ,0.25 ,6.63 ,4.37 ,7.87 ,4.58 ,6.72 ,1.87 ,5.77 ,3.57 ,3.33 
7/12,2.17 ,7.54 ,6.00 ,1.47 ,5.96 ,9.84 ,3.36 ,6.49 ,3.43 ,4.58 ,2.93 ,0.26 ,3.91 ,0.84 ,6.62 ,10.25 ,7.06 ,3.92 ,4.85 ,2.75 ,5.77 
7/13,7.18 ,4.92 ,3.72 ,2.71 ,5.06 ,8.55 ,6.70 ,8.05 ,4.13 ,5.96 ,1.56 ,0.48 ,1.87 ,2.20 ,5.86 ,11.10 ,4.35 ,6.30 ,0.97 ,3.57 ,4.77 
7/14,7.18 ,2.84 ,2.62 ,0.32 ,4.84 ,12.83 ,0.44 ,1.50 ,1.84 ,6.30 ,6.89 ,1.15 ,11.31 ,7.04 ,4.09 ,1.18 ,4.56 ,7.71 ,1.23 ,9.45 ,4.67 
7/15,1.04 ,11.71 ,0.41 ,2.19 ,2.35 ,7.72 ,10.69 ,3.58 ,0.63 ,7.77 ,5.39 ,6.99 ,9.10 ,1.96 ,3.37 ,5.48 ,3.40 ,5.12 ,8.45 ,0.86 ,1.79 
7/16,6.64 ,2.30 ,1.40 ,0.73 ,4.82 ,11.98 ,17.52 ,3.78 ,9.24 ,1.27 ,2.67 ,0.90 ,2.39 ,1.11 ,3.39 ,10.76 ,1.03 ,5.47 ,3.29 ,3.23 ,6.10 
7/17,8.58 ,1.86 ,1.58 ,1.98 ,3.68 ,3.59 ,14.22 ,10.12 ,9.80 ,8.30 ,0.53 ,3.06 ,1.28 ,3.18 ,5.53 ,4.42 ,9.58 ,0.64 ,3.24 ,2.72 ,2.10 
7/18,5.80 ,2.59 ,0.21 ,1.28 ,6.10 ,13.11 ,16.44 ,5.47 ,8.35 ,0.94 ,1.58 ,2.72 ,2.73 ,1.03 ,2.67 ,10.62 ,0.87 ,3.69 ,2.42 ,4.95 ,6.43 
7/19,3.94 ,1.28 ,3.37 ,6.99 ,6.32 ,8.25 ,11.70 ,5.73 ,0.41 ,2.59 ,6.68 ,9.72 ,0.53 ,2.35 ,0.93 ,17.47 ,1.77 ,0.59 ,3.34 ,2.32 ,3.73 
7/20,0.96 ,9.99 ,4.76 ,1.64 ,0.72 ,11.82 ,5.08 ,8.30 ,7.90 ,1.72 ,2.92 ,3.08 ,6.99 ,6.05 ,6.12 ,6.66 ,1.89 ,6.67 ,3.51 ,0.79 ,2.43 
7/21,1.53 ,9.98 ,2.01 ,0.68 ,1.83 ,15.59 ,3.52 ,1.08 ,3.19 ,6.60 ,1.80 ,0.76 ,7.03 ,4.85 ,5.07 ,9.28 ,7.48 ,7.53 ,6.02 ,1.57 ,2.59 
7/22,9.62 ,4.74 ,6.65 ,1.70 ,7.18 ,11.03 ,1.56 ,4.78 ,4.03 ,7.44 ,3.31 ,7.32 ,6.05 ,3.82 ,2.97 ,4.95 ,0.98 ,1.84 ,3.29 ,2.57 ,4.18 
7/23,2.62 ,2.30 ,1.98 ,2.71 ,5.74 ,4.23 ,5.17 ,11.89 ,4.57 ,4.12 ,3.43 ,5.72 ,7.40 ,0.14 ,1.03 ,2.35 ,11.20 ,5.30 ,8.53 ,5.43 ,4.15 
7/24,2.24 ,10.80 ,4.00 ,1.91 ,0.13 ,8.65 ,5.26 ,7.57 ,11.07 ,2.89 ,3.66 ,4.93 ,4.88 ,2.21 ,4.99 ,5.97 ,0.20 ,6.18 ,3.87 ,5.42 ,3.18 
7/25,7.18 ,4.92 ,3.72 ,2.71 ,5.06 ,8.55 ,6.70 ,8.05 ,4.13 ,5.96 ,1.56 ,0.48 ,1.87 ,2.20 ,5.86 ,11.10 ,4.35 ,6.30 ,0.97 ,3.57 ,4.77 
7/26,3.69 ,9.77 ,3.26 ,0.81 ,0.26 ,9.73 ,7.51 ,7.86 ,8.95 ,2.67 ,2.90 ,3.42 ,4.93 ,2.52 ,5.56 ,9.19 ,0.09 ,6.36 ,3.88 ,4.40 ,2.25 
7/27,3.61 ,0.97 ,2.34 ,1.76 ,5.53 ,13.79 ,3.93 ,1.15 ,3.21 ,2.48 ,4.15 ,2.50 ,3.55 ,8.13 ,7.57 ,9.50 ,9.69 ,6.66 ,3.95 ,2.69 ,2.86 
7/28,2.10 ,1.12 ,0.45 ,6.01 ,8.02 ,7.03 ,10.65 ,1.40 ,2.88 ,3.81 ,10.95 ,10.32 ,3.11 ,1.27 ,2.83 ,12.81 ,5.32 ,4.96 ,1.86 ,0.71 ,2.40 
7/29,1.25 ,4.98 ,6.70 ,4.37 ,5.61 ,7.95 ,6.33 ,1.12 ,10.60 ,7.33 ,4.96 ,2.78 ,10.90 ,3.65 ,6.05 ,2.53 ,1.39 ,6.35 ,1.13 ,2.36 ,1.68 
7/30,5.07 ,6.32 ,2.79 ,0.43 ,2.85 ,11.06 ,9.40 ,7.19 ,9.48 ,5.68 ,3.72 ,1.71 ,2.11 ,6.15 ,2.06 ,9.55 ,3.99 ,1.54 ,5.13 ,0.49 ,3.27 
7/31,4.07 ,6.24 ,2.42 ,1.24 ,4.02 ,15.10 ,4.49 ,1.66 ,1.02 ,6.80 ,6.76 ,1.29 ,8.89 ,3.68 ,6.97 ,6.73 ,2.00 ,6.18 ,0.63 ,3.55 ,6.26 
8/1,0.98 ,11.07 ,6.33 ,5.16 ,0.59 ,3.95 ,6.64 ,11.11 ,10.71 ,3.79 ,0.44 ,5.89 ,5.55 ,5.05 ,4.29 ,3.86 ,7.03 ,1.22 ,2.57 ,2.38 ,1.39 
8/2,7.42 ,5.55 ,2.19 ,4.96 ,6.75 ,7.26 ,11.82 ,2.73 ,5.20 ,1.11 ,1.92 ,5.40 ,1.40 ,1.40 ,3.81 ,18.10 ,3.42 ,0.53 ,0.87 ,5.22 ,2.92 
8/3,1.03 ,11.47 ,0.71 ,1.90 ,2.78 ,11.70 ,10.53 ,5.61 ,10.05 ,2.20 ,4.78 ,2.05 ,6.63 ,0.06 ,1.79 ,7.11 ,0.15 ,5.75 ,6.61 ,1.70 ,5.41 
8/4,3.20 ,3.87 ,1.72 ,3.17 ,5.51 ,14.99 ,4.64 ,0.01 ,1.12 ,9.14 ,6.74 ,3.09 ,7.66 ,1.90 ,5.75 ,7.35 ,2.31 ,5.98 ,1.09 ,3.79 ,6.95 
8/5,5.15 ,4.91 ,8.32 ,0.89 ,7.91 ,0.63 ,5.88 ,14.77 ,9.81 ,7.16 ,3.98 ,0.21 ,1.04 ,3.79 ,1.15 ,3.82 ,10.10 ,3.35 ,4.20 ,1.37 ,1.56 
8/6,0.06 ,9.94 ,0.78 ,0.34 ,0.76 ,16.33 ,9.92 ,1.05 ,7.65 ,2.77 ,2.19 ,0.69 ,6.01 ,4.40 ,1.83 ,10.83 ,7.68 ,5.24 ,7.57 ,0.29 ,3.67 
8/7,3.60 ,5.53 ,0.04 ,5.03 ,4.84 ,17.13 ,12.32 ,0.67 ,4.15 ,4.99 ,0.02 ,6.38 ,2.60 ,0.73 ,0.53 ,13.14 ,4.10 ,2.84 ,3.98 ,0.73 ,6.65 
8/8,3.59 ,0.55 ,7.09 ,2.84 ,7.07 ,1.10 ,15.07 ,6.85 ,1.97 ,4.22 ,4.13 ,10.08 ,2.79 ,0.10 ,0.98 ,8.36 ,8.42 ,10.06 ,0.59 ,1.83 ,2.30 
8/9,0.47 ,0.87 ,5.43 ,6.03 ,3.17 ,8.48 ,3.19 ,7.30 ,5.27 ,0.34 ,8.26 ,5.37 ,3.34 ,0.41 ,6.54 ,6.29 ,7.71 ,7.52 ,0.65 ,6.36 ,6.99 
8/10,2.10 ,1.19 ,4.26 ,2.75 ,3.43 ,5.15 ,3.22 ,2.37 ,2.42 ,10.41 ,4.20 ,4.34 ,5.03 ,6.96 ,4.16 ,7.68 ,11.21 ,5.95 ,1.38 ,3.28 ,8.51 
8/11,5.27 ,8.84 ,3.21 ,0.21 ,0.22 ,8.48 ,4.71 ,9.06 ,8.41 ,3.92 ,4.29 ,4.62 ,3.01 ,0.37 ,6.58 ,7.33 ,0.90 ,7.71 ,2.96 ,5.39 ,4.53 
8/12,3.80 ,4.45 ,1.00 ,1.37 ,4.36 ,9.89 ,7.67 ,6.03 ,5.72 ,8.90 ,0.59 ,2.12 ,2.08 ,2.10 ,2.80 ,11.77 ,6.93 ,5.18 ,1.63 ,6.69 ,4.91 
8/13,3.16 ,5.55 ,3.91 ,0.67 ,5.44 ,12.25 ,6.17 ,7.25 ,5.26 ,8.50 ,0.56 ,0.22 ,5.10 ,0.95 ,6.30 ,9.54 ,3.78 ,8.12 ,0.15 ,1.82 ,5.31 
8/14,4.30 ,5.35 ,7.88 ,2.02 ,4.34 ,2.13 ,10.62 ,6.73 ,10.97 ,5.00 ,4.10 ,4.93 ,1.36 ,2.86 ,1.51 ,3.90 ,3.66 ,2.18 ,4.12 ,8.15 ,3.90 
8/15,4.57 ,3.10 ,0.92 ,1.82 ,5.50 ,6.07 ,4.37 ,2.21 ,1.81 ,9.85 ,3.71 ,5.78 ,5.77 ,5.23 ,3.77 ,7.93 ,12.27 ,2.70 ,0.26 ,4.73 ,7.63 
8/16,5.02 ,0.24 ,3.25 ,0.65 ,4.68 ,4.51 ,0.72 ,12.38 ,0.43 ,2.54 ,0.15 ,7.38 ,5.07 ,3.48 ,5.36 ,4.62 ,8.32 ,8.97 ,8.44 ,7.69 ,6.12 
8/17,1.12 ,6.79 ,5.90 ,0.46 ,6.99 ,12.42 ,6.41 ,7.84 ,6.35 ,5.59 ,0.26 ,1.61 ,6.05 ,3.80 ,4.12 ,9.25 ,4.29 ,4.65 ,0.65 ,0.94 ,4.51 
8/18,4.19 ,4.27 ,2.12 ,2.78 ,5.48 ,14.70 ,3.74 ,0.36 ,1.25 ,8.50 ,7.46 ,3.15 ,7.81 ,2.13 ,5.68 ,6.85 ,1.68 ,5.23 ,1.87 ,3.85 ,6.90 
8/19,3.97 ,2.97 ,1.54 ,3.77 ,2.57 ,14.29 ,5.38 ,3.56 ,2.86 ,8.14 ,7.25 ,4.17 ,6.46 ,1.11 ,3.95 ,7.84 ,5.23 ,4.52 ,1.27 ,3.34 ,5.82 
8/20,6.00 ,1.77 ,0.15 ,1.07 ,4.77 ,11.58 ,6.81 ,10.75 ,7.33 ,5.19 ,0.17 ,3.99 ,0.50 ,6.60 ,2.19 ,0.45 ,15.40 ,1.18 ,7.47 ,3.90 ,2.75 
8/21,4.78 ,2.46 ,2.10 ,5.32 ,5.00 ,9.18 ,9.18 ,4.30 ,0.74 ,4.25 ,0.11 ,3.17 ,3.70 ,6.96 ,1.71 ,10.93 ,3.77 ,7.12 ,1.32 ,3.19 ,10.72 
8/22,2.81 ,4.51 ,1.19 ,4.06 ,6.42 ,14.59 ,12.40 ,3.27 ,3.46 ,2.44 ,0.62 ,3.76 ,3.90 ,3.17 ,3.13 ,11.57 ,2.92 ,4.33 ,0.01 ,2.37 ,9.07 
8/23,4.78 ,3.69 ,0.17 ,1.36 ,2.94 ,0.48 ,16.96 ,8.50 ,6.85 ,1.62 ,1.01 ,2.57 ,4.36 ,3.23 ,4.37 ,12.89 ,7.78 ,3.39 ,3.47 ,2.63 ,6.94 
8/24,4.03 ,2.79 ,0.82 ,1.03 ,6.96 ,3.86 ,12.03 ,10.05 ,8.63 ,2.57 ,1.25 ,1.82 ,5.95 ,2.55 ,0.79 ,3.33 ,8.10 ,5.92 ,2.89 ,6.00 ,8.65 
8/25,6.29 ,3.91 ,4.44 ,2.31 ,5.22 ,7.50 ,11.69 ,10.95 ,9.44 ,0.88 ,2.01 ,2.53 ,3.60 ,2.55 ,4.92 ,6.01 ,4.47 ,5.35 ,0.24 ,3.42 ,2.28 
8/26,6.91 ,4.93 ,3.98 ,1.28 ,6.31 ,7.76 ,12.53 ,10.31 ,12.05 ,0.61 ,1.12 ,2.10 ,2.94 ,0.80 ,4.17 ,7.25 ,4.46 ,4.77 ,0.17 ,0.67 ,4.88 
8/27,4.05 ,8.55 ,2.68 ,1.96 ,0.68 ,11.24 ,9.38 ,8.24 ,9.15 ,0.84 ,5.67 ,3.38 ,4.12 ,2.74 ,4.24 ,7.31 ,1.60 ,6.69 ,4.96 ,0.12 ,2.40 
8/28,7.10 ,4.83 ,3.90 ,1.22 ,6.31 ,7.65 ,12.62 ,10.42 ,12.02 ,0.68 ,1.15 ,2.09 ,2.80 ,0.66 ,4.20 ,7.32 ,4.57 ,4.76 ,0.15 ,0.63 ,4.91 
8/29,4.93 ,4.04 ,3.08 ,0.26 ,6.30 ,12.89 ,4.74 ,1.79 ,2.02 ,6.77 ,8.20 ,0.91 ,9.64 ,4.55 ,6.35 ,3.26 ,0.89 ,5.76 ,2.07 ,5.65 ,5.93 
8/30,5.32 ,3.33 ,0.75 ,3.16 ,2.06 ,0.60 ,14.30 ,10.82 ,7.64 ,3.65 ,2.54 ,3.85 ,4.41 ,3.60 ,3.76 ,4.32 ,9.81 ,2.80 ,4.31 ,6.07 ,2.89 
8/31,3.60 ,6.62 ,1.34 ,0.69 ,4.71 ,0.17 ,14.92 ,10.24 ,5.83 ,0.88 ,2.79 ,3.93 ,5.33 ,5.87 ,1.66 ,4.07 ,11.02 ,0.71 ,8.50 ,2.31 ,4.79 
9/1,5.94 ,4.39 ,0.27 ,1.51 ,3.77 ,0.21 ,16.23 ,10.35 ,7.99 ,4.01 ,0.99 ,2.79 ,3.95 ,3.69 ,5.32 ,5.39 ,10.74 ,2.03 ,4.27 ,3.25 ,2.94 
9/2,3.84 ,2.09 ,1.21 ,1.28 ,6.77 ,4.18 ,11.54 ,10.14 ,8.46 ,2.59 ,1.57 ,1.84 ,6.43 ,2.39 ,0.92 ,3.27 ,8.23 ,6.29 ,2.13 ,6.38 ,8.46 
9/3,3.84 ,2.09 ,1.21 ,1.28 ,6.77 ,4.18 ,11.54 ,10.14 ,8.46 ,2.59 ,1.57 ,1.84 ,6.43 ,2.39 ,0.92 ,3.27 ,8.23 ,6.29 ,2.13 ,6.38 ,8.46 
9/4,7.98 ,4.53 ,2.56 ,0.69 ,3.09 ,12.53 ,12.93 ,4.26 ,10.87 ,0.11 ,3.69 ,1.44 ,2.03 ,2.22 ,4.22 ,11.34 ,4.10 ,1.49 ,5.62 ,2.11 ,2.18 
9/5,3.76 ,4.48 ,0.47 ,2.71 ,5.71 ,5.43 ,9.97 ,3.45 ,6.19 ,4.99 ,6.46 ,3.54 ,2.53 ,7.04 ,1.27 ,3.93 ,8.97 ,4.13 ,2.76 ,3.65 ,8.57 
9/6,3.87 ,1.93 ,1.15 ,1.11 ,6.89 ,4.53 ,11.91 ,9.98 ,7.99 ,2.55 ,1.81 ,1.47 ,6.59 ,2.11 ,0.86 ,3.84 ,8.09 ,6.29 ,2.13 ,6.72 ,8.19 
9/7,4.97 ,2.08 ,0.26 ,1.09 ,6.02 ,3.10 ,11.97 ,10.32 ,7.14 ,4.95 ,1.99 ,2.30 ,6.23 ,0.83 ,2.79 ,3.29 ,6.96 ,5.58 ,3.55 ,7.40 ,7.16 
9/8,7.46 ,8.55 ,2.54 ,0.43 ,2.34 ,1.41 ,15.06 ,5.28 ,0.74 ,0.51 ,6.19 ,10.77 ,5.71 ,1.00 ,0.96 ,4.17 ,2.41 ,5.50 ,11.69 ,5.02 ,2.25 
9/9,2.83 ,0.27 ,1.24 ,3.45 ,4.45 ,2.38 ,6.05 ,17.55 ,2.32 ,11.62 ,0.89 ,5.58 ,0.59 ,2.74 ,6.82 ,2.59 ,12.70 ,0.01 ,3.14 ,10.79 ,2.02 
9/10,1.09 ,5.22 ,1.69 ,0.20 ,2.70 ,10.76 ,20.87 ,7.29 ,3.68 ,2.37 ,5.18 ,0.67 ,6.47 ,2.43 ,0.60 ,5.70 ,6.69 ,0.00 ,4.29 ,8.04 ,4.05 
9/11,4.58 ,0.96 ,0.40 ,2.97 ,4.84 ,3.25 ,11.97 ,11.16 ,4.55 ,5.25 ,1.34 ,3.33 ,7.60 ,1.73 ,1.41 ,2.09 ,7.22 ,7.08 ,3.72 ,10.82 ,3.74 
9/12,7.59 ,0.43 ,4.80 ,2.11 ,0.24 ,0.06 ,10.97 ,17.87 ,1.11 ,10.59 ,1.49 ,0.48 ,2.11 ,1.69 ,4.54 ,3.94 ,12.47 ,6.38 ,1.41 ,7.83 ,1.88 
9/13,6.76 ,0.51 ,4.45 ,4.89 ,3.27 ,0.70 ,9.26 ,11.37 ,2.45 ,6.36 ,3.66 ,2.72 ,3.50 ,6.06 ,5.77 ,5.51 ,11.23 ,2.76 ,0.53 ,2.10 ,6.14 
9/14,6.01 ,1.42 ,2.89 ,4.50 ,2.58 ,0.18 ,4.41 ,14.13 ,3.24 ,7.67 ,7.67 ,0.86 ,1.25 ,1.35 ,4.63 ,1.86 ,9.26 ,8.43 ,3.46 ,9.36 ,4.85 
9/15,0.09 ,3.47 ,1.16 ,3.09 ,3.96 ,6.63 ,16.04 ,0.35 ,2.25 ,7.14 ,11.78 ,0.64 ,6.52 ,4.22 ,5.26 ,10.75 ,5.42 ,1.41 ,6.44 ,2.58 ,0.79 
9/16,4.30 ,9.89 ,1.30 ,2.09 ,1.65 ,11.48 ,16.15 ,2.86 ,2.30 ,4.00 ,7.64 ,2.68 ,9.13 ,1.08 ,6.31 ,12.27 ,2.18 ,0.35 ,0.28 ,0.08 ,1.97 
9/17,5.90 ,11.13 ,0.02 ,0.77 ,1.11 ,6.75 ,8.85 ,5.16 ,9.85 ,4.03 ,5.06 ,3.32 ,6.83 ,4.44 ,5.51 ,1.99 ,4.42 ,0.61 ,1.56 ,5.40 ,7.29 
9/18,1.95 ,0.86 ,0.56 ,4.87 ,6.72 ,8.06 ,12.99 ,2.86 ,2.36 ,3.75 ,9.61 ,7.92 ,4.51 ,1.92 ,1.11 ,11.34 ,8.10 ,2.43 ,2.99 ,2.27 ,2.83 
9/19,7.23 ,0.94 ,3.47 ,4.81 ,1.70 ,2.17 ,10.32 ,13.01 ,0.32 ,7.85 ,3.50 ,0.95 ,1.04 ,3.14 ,7.22 ,5.51 ,8.65 ,4.94 ,1.69 ,7.29 ,4.25 
9/20,10.19 ,5.23 ,2.82 ,2.89 ,2.50 ,1.47 ,8.73 ,10.16 ,7.99 ,1.11 ,1.28 ,10.98 ,4.70 ,2.63 ,5.73 ,2.71 ,0.77 ,10.06 ,5.04 ,2.50 ,0.52 
9/21,3.61 ,6.64 ,0.39 ,2.04 ,2.93 ,2.07 ,11.29 ,12.02 ,4.03 ,1.04 ,9.26 ,3.43 ,2.46 ,4.79 ,0.28 ,5.61 ,13.55 ,3.27 ,7.14 ,0.50 ,3.65 
9/22,1.33 ,9.74 ,4.75 ,4.04 ,6.27 ,17.21 ,7.12 ,2.25 ,6.52 ,0.34 ,1.95 ,7.17 ,2.58 ,0.96 ,2.40 ,11.17 ,1.13 ,2.33 ,0.41 ,0.16 ,10.16 
9/23,5.82 ,8.99 ,1.24 ,2.87 ,0.87 ,2.58 ,13.52 ,11.70 ,9.57 ,6.28 ,4.47 ,7.23 ,6.01 ,0.44 ,0.33 ,4.27 ,3.07 ,5.36 ,0.30 ,3.49 ,1.60 
9/24,2.36 ,4.37 ,0.22 ,2.32 ,5.26 ,7.65 ,10.92 ,3.47 ,2.17 ,5.67 ,8.26 ,5.76 ,2.39 ,6.22 ,1.27 ,4.05 ,11.40 ,2.59 ,2.48 ,4.87 ,6.31 
9/25,7.11 ,4.76 ,4.86 ,6.71 ,1.77 ,1.90 ,5.25 ,4.01 ,3.72 ,1.78 ,0.76 ,2.14 ,5.06 ,8.89 ,9.77 ,8.32 ,6.35 ,1.46 ,0.51 ,7.44 ,7.42 
9/26,7.10 ,4.29 ,3.42 ,9.00 ,4.78 ,4.59 ,10.07 ,3.09 ,1.82 ,2.26 ,1.78 ,6.80 ,1.13 ,3.19 ,8.72 ,15.93 ,3.54 ,1.82 ,1.41 ,0.92 ,4.33 
9/27,6.80 ,6.81 ,2.83 ,7.21 ,2.98 ,0.45 ,4.85 ,4.96 ,4.35 ,2.83 ,1.64 ,2.01 ,3.85 ,7.33 ,10.05 ,8.48 ,5.30 ,1.66 ,1.38 ,6.11 ,8.11 
9/28,6.43 ,7.37 ,3.17 ,1.44 ,4.75 ,11.52 ,18.01 ,8.26 ,10.05 ,1.35 ,1.15 ,1.01 ,1.65 ,0.91 ,5.42 ,10.23 ,1.55 ,0.47 ,1.34 ,0.01 ,3.89 
9/29,4.11 ,5.77 ,0.03 ,1.26 ,2.03 ,7.39 ,16.43 ,8.33 ,1.02 ,5.32 ,6.42 ,1.44 ,8.16 ,2.69 ,0.86 ,2.13 ,10.26 ,0.04 ,7.47 ,6.94 ,1.89 
9/30,4.09 ,2.97 ,1.61 ,0.69 ,4.55 ,8.89 ,15.34 ,8.29 ,4.89 ,2.58 ,3.76 ,2.89 ,4.43 ,3.26 ,3.63 ,2.04 ,9.91 ,2.92 ,2.56 ,5.85 ,4.84 
10/1,1.75 ,5.02 ,1.87 ,0.87 ,1.94 ,10.12 ,19.44 ,10.58 ,6.88 ,0.97 ,3.17 ,1.62 ,3.48 ,1.78 ,7.65 ,3.46 ,6.20 ,1.96 ,0.35 ,5.66 ,5.22 
10/2,9.90 ,2.48 ,4.61 ,4.78 ,0.27 ,1.21 ,3.22 ,11.15 ,1.94 ,9.07 ,2.34 ,2.24 ,5.46 ,2.82 ,8.04 ,5.21 ,6.84 ,7.54 ,2.65 ,5.25 ,2.97 
10/3,8.43 ,1.96 ,4.11 ,2.36 ,2.07 ,2.00 ,9.93 ,11.02 ,1.32 ,5.38 ,4.17 ,5.35 ,0.44 ,3.49 ,6.45 ,5.14 ,7.04 ,8.09 ,4.05 ,6.49 ,0.72 
10/4,6.00 ,7.64 ,0.34 ,4.81 ,3.24 ,6.50 ,1.86 ,3.19 ,0.54 ,2.98 ,6.21 ,5.74 ,2.51 ,4.73 ,9.39 ,5.82 ,11.16 ,0.67 ,2.36 ,4.33 ,9.96 
10/5,6.33 ,7.38 ,0.57 ,4.58 ,2.62 ,8.92 ,1.03 ,0.32 ,3.39 ,8.63 ,4.05 ,5.87 ,0.53 ,5.95 ,4.61 ,6.79 ,8.04 ,1.00 ,2.55 ,8.56 ,8.30 
10/6,3.65 ,11.56 ,0.43 ,2.32 ,4.17 ,9.20 ,3.40 ,0.77 ,14.31 ,1.57 ,2.34 ,1.17 ,3.25 ,2.80 ,1.06 ,5.18 ,4.67 ,1.37 ,11.52 ,11.31 ,3.95 
10/7,8.77 ,6.33 ,4.07 ,0.96 ,3.41 ,2.06 ,7.13 ,4.69 ,13.11 ,3.86 ,1.65 ,4.25 ,1.91 ,0.33 ,0.52 ,8.16 ,3.08 ,3.84 ,7.86 ,11.34 ,2.68 
10/8,8.01 ,5.93 ,8.12 ,1.35 ,0.13 ,7.81 ,8.79 ,6.58 ,2.72 ,5.38 ,7.61 ,3.54 ,3.56 ,6.86 ,1.17 ,2.14 ,6.21 ,0.11 ,7.57 ,3.63 ,2.77 
10/9,8.15 ,9.23 ,5.66 ,1.13 ,1.05 ,16.13 ,0.86 ,5.52 ,5.32 ,1.41 ,5.42 ,6.95 ,3.46 ,7.50 ,0.76 ,3.58 ,2.11 ,0.77 ,8.23 ,3.06 ,3.70 
10/10,8.27 ,9.36 ,3.60 ,0.28 ,0.22 ,17.28 ,6.84 ,4.92 ,6.41 ,2.46 ,1.59 ,5.57 ,4.89 ,5.19 ,1.65 ,5.57 ,0.12 ,1.35 ,8.94 ,2.77 ,2.71 
10/11,2.77 ,11.01 ,4.59 ,1.79 ,8.90 ,4.47 ,8.22 ,2.90 ,7.14 ,4.13 ,7.71 ,4.53 ,0.61 ,2.78 ,1.64 ,4.33 ,8.30 ,1.48 ,6.56 ,4.49 ,1.64 
10/12,6.79 ,1.49 ,0.40 ,5.38 ,2.88 ,0.75 ,0.47 ,13.93 ,3.59 ,13.29 ,4.93 ,5.79 ,4.42 ,2.08 ,9.07 ,3.47 ,6.68 ,2.58 ,0.30 ,8.22 ,3.51 
10/13,9.36 ,1.41 ,5.46 ,7.38 ,2.12 ,5.48 ,10.47 ,3.75 ,2.70 ,1.87 ,5.30 ,1.63 ,0.92 ,3.69 ,6.53 ,13.23 ,0.71 ,8.94 ,0.08 ,4.14 ,4.84 
10/14,4.70 ,22.03 ,0.70 ,2.33 ,1.67 ,11.86 ,3.40 ,4.16 ,10.20 ,3.30 ,1.86 ,0.34 ,1.32 ,2.97 ,0.87 ,8.32 ,0.34 ,1.00 ,0.27 ,11.76 ,6.59 
10/15,4.43 ,6.68 ,0.59 ,4.77 ,2.47 ,8.89 ,2.50 ,1.01 ,3.79 ,9.56 ,2.35 ,5.86 ,0.55 ,6.72 ,4.80 ,7.48 ,7.33 ,0.03 ,2.66 ,8.91 ,8.64 
10/16,6.51 ,7.57 ,0.34 ,4.11 ,2.74 ,9.14 ,0.97 ,0.25 ,3.37 ,8.70 ,4.20 ,6.04 ,1.38 ,5.97 ,4.43 ,6.83 ,8.25 ,1.09 ,0.98 ,8.32 ,8.81 
10/17,7.06 ,13.89 ,0.23 ,0.15 ,3.82 ,13.77 ,1.70 ,3.26 ,8.75 ,5.67 ,0.75 ,0.13 ,5.80 ,0.17 ,0.06 ,6.24 ,0.29 ,4.47 ,8.04 ,8.23 ,7.53 
10/18,1.44 ,4.02 ,3.45 ,3.49 ,0.60 ,8.70 ,3.79 ,11.39 ,2.15 ,8.56 ,2.65 ,7.91 ,1.05 ,5.67 ,7.86 ,7.94 ,5.64 ,1.33 ,8.02 ,0.65 ,3.69 
10/19,5.96 ,7.27 ,0.44 ,0.47 ,3.14 ,8.55 ,14.12 ,4.08 ,3.23 ,2.37 ,5.23 ,3.54 ,8.59 ,0.50 ,2.61 ,9.24 ,5.50 ,2.28 ,2.70 ,5.62 ,4.55 
10/20,3.55 ,4.54 ,4.41 ,2.94 ,4.73 ,9.99 ,3.72 ,11.97 ,0.71 ,4.70 ,6.42 ,6.39 ,0.38 ,4.93 ,1.74 ,3.81 ,9.46 ,3.83 ,4.23 ,5.19 ,2.37 
10/21,6.66 ,5.92 ,2.15 ,1.44 ,3.38 ,9.75 ,10.86 ,4.72 ,1.31 ,1.17 ,8.38 ,2.15 ,7.44 ,0.67 ,0.30 ,2.92 ,8.22 ,3.16 ,7.14 ,8.16 ,4.11 
10/22,4.15 ,5.82 ,0.03 ,1.27 ,2.04 ,7.46 ,16.57 ,8.41 ,1.03 ,4.88 ,6.48 ,1.36 ,8.23 ,2.30 ,0.87 ,2.15 ,10.35 ,0.17 ,7.53 ,7.00 ,1.90 
10/23,1.86 ,0.92 ,0.55 ,5.32 ,3.81 ,8.84 ,5.82 ,11.10 ,3.58 ,9.53 ,4.26 ,8.10 ,0.29 ,1.81 ,5.36 ,2.81 ,10.47 ,2.30 ,1.84 ,9.10 ,2.32 
10/24,7.01 ,6.59 ,3.14 ,7.58 ,3.73 ,0.43 ,4.47 ,4.95 ,4.48 ,2.89 ,0.66 ,2.00 ,3.32 ,7.04 ,9.59 ,8.47 ,4.39 ,3.01 ,1.35 ,5.29 ,9.63 
10/25,7.50 ,4.57 ,2.44 ,7.21 ,3.68 ,1.01 ,4.21 ,6.26 ,4.39 ,3.49 ,0.22 ,1.91 ,2.19 ,7.49 ,10.14 ,8.80 ,5.76 ,4.37 ,0.35 ,4.05 ,9.96 
